5938
0462
8201
3790
6358
8206
3003
4313
9107
2051
2102
0243
8694
6613
8779
9920
8645
6715
5869
9627
9126
6202
0400
2970
0377
9119
5816
5909
4844
8209
8174
0511
3664
1138
4974
4738
5912
0646
3073
8369
2756
3642
9646
2932
2957
2750
7227
5652
8691
4915
9923
6103
5474
9443
6971
3002
5355
7299
9092
8335
2124
2157
7801
9927
5237
7500
6997
4645
8171
9616
0496
8728
6708
5044
1059
1515
7537
4058
9485
7114
1224
7886
0428
9986
3647
0163
4432
0158
1020
7453
1099
2236
4745
0327
2108
2030
0586
0627
4456
7139
3227
0654
5173
5122
0840
4590
7968
6656
3352
9267
4818
7751
8428
6898
4900
9871
7552
0651
4903
3239
1764
5878
4896
5422
4291
0634
8046
9241
6125
2110
5056
4939
6040
3593
4697
8268
7265
4564
8948
6891
0662
3633
3335
9409
8157
1834
7843
1610
8808
8055
5577
7677
9216
2588
5351
2275
6137
7225
6915
0277
2537
4344
8281
8719
0059
4332
2045
3142
0797
4411
8027
6774
9400
6316
4044
8885
4076
5394
3962
4651
5338
8676
5508
0541
3779
9169
9433
9368
5477
0395
5433
8211
5214
5747
6548
2645
6462
6766
6454
6112
2303
9393
1480
6623
2071
0545
1085
3689
1700
0960
5888
2066
2077
4469
8854
1016
0711
2183
8259
2262
0851
9417
6191
5036
3369
3194
3608
3871
0489
2510
4143
3552
8351
8962
0969
1046
5103
3921
7622
5161
4811
2337
6179
0925
7414
2842
8866
4737
8077
4488
2256
8278
9667
8721
6737
3940
0387
8920
7577
0472
7569
7362
0549
1343
4101
3913
1775
1242
2226
6942
1055
3728
1452
1175
2117
6109
9306
8722
2554
3214
5286
2763
4279
6464
3150
4240
6166
3295
5260
4814
3500
1844
3617
9917
8921
0794
5920
2378
7117
6938
5460
4534
5124
0210
5132
9733
9288
6578
5666
0201
1478
6903
1354
8156
9599
2831
6239
0991
4113
1820
6200
5895
5245
8756
3293
9750
7818
0222
8597
1760
0234
5076
9287
2959
5631
5254
9222
5567
9087
9538
5536
9480
1265
6869
7499
7115
2777
6569
7955
8045
2466
1902
2701
5092
1786
4691
0405
2507
8978
8318
7691
7635
2790
8225
4801
2644
0802
7038
5819
5006
7469
8128
3578
3904
0178
8168
0725
3788
6953
0805
7250
8905
3478
1161
2637
4906
0155
2548
4219
1758
7123
9208
8855
8744
2897
4819
4687
7926
2630
3825
9949
7969
0504
9925
1160
6104
2509
1541
1092
0505
6116
3674
5169
3147
6851
5488
3618
9178
0696
9226
9919
7631
3840
1728
1215
5841
8008
4787
8564
1089
3601
8450
5628
9035
5391
0763
4586
6271
3726
0817
6246
1839
6752
6865
2608
6009
2412
2260
2722
1255
3011
6329
3283
2404
4921
0466
3255
3734
4373
6198
1446
1357
8473
3139
7562
9690
5575
5809
1375
6409
5285
8543
6044
0706
2683
3260
5557
7344
8584
2615
4121
3115
0085
1466
5406
8531
5129
9856
8370
8699
8001
6602
1371
0686
7493
2238
5273
7820
3851
9289
1895
7865
8169
2224
5382
3319
7070
2639
3445
4793
1767
1274
7478
2534
5364
1494
3884
1222
5839
9581
1314
7566
8726
5016
8426
4991
6668
4890
2130
7753
9375
3654
2961
3231
3594
2234
2649
8028
1298
6783
6422
8690
0390
9469
1363
6518
1750
6089
3525
6118
3236
3409
8922
5883
5777
2348
5414
2304
1063
9639
0094
5333
4830
4467
4995
6595
4094
6148
2570
6122
5558
5432
6918
6309
3193
8796
1111
1380
3112
9147
0324
8478
1901
3576
0764
3149
0082
9748
1185
7524
9804
0594
8081
2421
2267
8668
9662
3163
6651
3557
6980
6552
3016
7518
0801
1437
9562
7669
6629
1328
0249
6376
6317
2715
5017
6401
1066
2390
3757
6180
9971
1707
1499
5963
4474
2968
7220
0378
4831
1813
4188
0823
2816
1668
2821
0508
0780
2248
6100
5602
8692
5029
8577
5026
1368
9305
1852
0579
4674
9663
5086
4986
3625
3470
9574
5099
5917
5482
4964
5660
7731
4441
8546
5968
9866
1568
9657
6242
7911
4876
9233
2298
1525
6470
1963
6106
4577
7301
3843
0080
9255
4755
3328
7923
4458
9741
2741
1006
9593
7902
3459
5308
1137
0169
6558
6650
1038
3398
5381
6698
8963
8421
8182
0783
3966
3624
5875
2659
0153
9719
8376
6842
3833
7823
4290
1124
1504
9337
9609
2473
7624
7772
6284
8977
6797
7331
9016
0826
4892
1643
7014
2395
3308
8329
5456
4339
8264
7445
8924
1490
2587
3854
1280
0193
3562
7611
1341
3402
7140
3131
7647
3635
0652
5913
1277
6413
3577
4156
9090
9411
7738
3175
5253
0782
7787
5207
6085
1301
6279
2979
3603
0980
6028
2592
9407
4092
7618
6806
1648
7688
4783
9004
4690
5206
2680
3888
2474
6451
3830
1355
5827
0890
8220
7476
3064
9861
3714
2333
3596
2078
5540
8033
0491
5114
8919
9429
8541
8116
6031
7896
9243
9960
7434
9811
4760
4784
6457
9699
0835
1001
5560
2456
3394
7825
9564
4005
4131
5782
9201
6871
4119
8956
7805
1131
3670
2935
7494
9374
7584
1178
2257
3835
5527
5863
6258
1708
5403
1425
0257
1035
6894
6685
0700
3805
4799
1037
2199
3505
7240
7507
4884
7752
6276
6761
7600
6836
9029
2379
7871
3605
4472
4235
2748
4609
7233
9170
5491
8572
8652
2322
8119
0206
6822
0580
3246
5981
9680
6639
5706
0347
2359
8629
9177
7684
8248
3289
8822
3159
5215
4627
6616
2591
5167
5222
9236
4285
4091
7882
8604
2043
8123
7404
1807
0403
3803
1683
0717
6888
4675
7000
1761
8303
2442
1884
5051
2515
7561
4511
0325
7089
8901
7228
1877
9620
3458
5496
9859
9830
0274
2604
4877
6721
7450
4929
5687
9725
6370
2375
2268
3048
0753
9315
2131
8433
1340
6589
1181
4602
0944
9116
9738
0289
2513
9879
7082
9246
2397
0388
3285
1262
6620
0337
9532
2668
3792
6324
5146
1536
4364
5926
1602
4473
8197
3925
9797
9881
5419
9293
5546
0291
0747
8276
1105
5213
3371
4160
7623
2596
9707
2470
2010
5830
5413
2799
4703
4446
4639
6146
5769
2672
8032
2572
1968
0532
3731
5626
7048
2700
9902
1134
2898
3541
7341
4882
1635
4790
9250
6669
8813
2218
4551
0012
3467
6098
2974
8797
6261
2289
6129
1310
1475
9172
2829
6035
1973
5882
8643
9596
5055
3279
8715
6442
7748
0394
1616
2516
0495
5028
9647
0534
6286
7722
5170
5196
7626
9105
8655
5079
3055
0356
9980
9364
8555
3204
6757
1233
4623
2479
7192
0267
2292
6828
6642
6860
5426
5962
3424
1052
4452
8532
3329
5678
4728
4729
9898
3321
7269
5151
1100
4670
7866
4634
6416
6020
5861
6965
2012
9248
4158
2063
0268
0255
6539
0757
7218
8263
5765
0602
0811
2126
6930
3167
1203
8252
9696
3924
3243
3457
3306
3631
5035
3563
2294
6580
4837
5469
3076
4034
2754
5427
7286
8297
2698
9139
1289
9742
2947
1149
8910
8765
3590
0383
1168
2127
9771
6680
7528
9851
5851
1745
6357
0591
4007
6340
8345
9773
5462
8747
2617
2978
6039
8849
3127
5256
6964
5088
6382
5039
9724
3785
9987
2459
7523
8397
5345
9969
8935
1028
0261
9021
4414
3356
5709
6544
2008
2064
5014
7437
8406
0894
9281
6526
5549
7099
4439
7593
0716
0087
3477
8383
3511
4440
1592
0361
8243
7526
1068
6599
2780
2526
2427
8338
0035
4404
5820
5862
7291
2886
7036
0922
6419
3484
1691
0420
4445
1144
4932
4408
1747
6002
6407
9479
7051
8231
5684
0320
0636
4872
3960
5736
6253
5276
8829
1613
2467
6374
6287
5545
4270
7199
5321
4405
0798
5710
8386
6348
4588
0114
4103
7421
9298
2320
2182
6048
2607
8512
4040
6426
8516
4309
5639
7747
4192
9885
2025
6072
3648
1774
0601
8355
3585
2358
9441
5378
3257
9615
6012
9882
1713
5049
3404
8324
4167
1400
7956
9743
6541
1566
7283
1665
5622
7041
4887
5153
6607
0022
0569
0799
1122
6386
9974
0608
8490
4806
5193
2752
7343
5204
0375
0486
7987
7719
3081
1479
5840
2471
3410
0440
6531
2430
5201
3419
3430
8536
2448
1108
9875
9845
5573
0649
2016
4631
7779
6378
6377
4621
9135
9086
9390
8682
9408
1058
0522
6704
2969
9744
3446
3022
0542
0786
2233
5522
4151
8127
3527
6640
3831
1908
3686
3717
6958
8850
8325
4842
6998
3558
7638
4130
4189
6843
5265
6641
9214
0728
9982
2796
5721
2933
7133
6896
0401
3695
8683
7235
0714
0490
4299
5412
5397
9753
1219
5807
3516
3628
9079
5369
3518
0230
3051
3121
1964
7543
6397
3367
2836
7978
2139
4791
1454
0643
0559
3299
2313
5606
0589
6025
7028
7799
7355
7163
8642
5142
1976
9317
4980
1744
6846
5614
0893
9914
4733
0567
8436
6543
9481
6725
9813
8809
0000
1288
4345
2270
0436
4032
9701
2768
2419
5582
5012
1200
0938
5967
6603
5171
5095
5551
9002
7863
9499
6097
3018
0116
6121
3676
3304
6662
2177
7893
0804
4554
3475
3425
3822
2662
3347
0002
7672
5969
0570
8103
6295
7564
2271
9658
5275
8207
3745
4924
9388
3941
3221
5115
9779
0687
3643
6131
4394
8465
4561
3859
8835
0060
4981
9282
9556
0429
6213
3967
4230
1555
4321
6667
8423
1485
0264
0879
9936
6724
6966
8007
5323
5915
0950
9383
3554
9996
7763
5372
8789
5156
5123
9249
1701
6337
8547
5594
1653
1692
6015
1164
8664
6862
1117
7877
1651
8331
6593
5325
1053
7946
8334
4054
2251
9354
4503
5925
2105
9000
3987
5250
9128
1257
3928
7272
0173
7008
4183
7784
6611
8748
9640
8398
1804
1899
2559
6371
9493
2545
1005
7433
1736
8022
0762
8791
1360
5329
8391
1141
7573
9855
0186
2528
0824
2949
6575
1670
7046
4318
1918
2966
3992
0396
5277
0081
4752
8761
7616
6622
5053
1752
4315
9772
9500
0406
9943
3014
8773
5534
6553
3052
9270
9732
4083
8142
6947
1409
4549
7769
3287
3802
7588
4475
7449
7347
1116
2561
5139
3190
4146
2439
9681
9428
5131
8134
4204
5032
7726
7945
7188
7506
4465
1583
0671
9454
0238
3330
0248
1914
4417
6241
9371
6353
7680
0322
4786
6922
1513
2382
5970
3810
4019
5717
7068
7064
4617
0048
8806
7620
0932
0330
6535
8674
8881
3140
4428
6794
3109
7992
4725
4741
7244
0397
2237
6681
9164
2096
1339
7175
6984
1331
7965
1061
4893
7826
6178
0592
2155
6488
6068
3251
9012
2544
1126
0972
3616
2934
6161
9820
4598
4749
2005
5761
5774
4142
1680
9367
1787
1841
2443
2925
0668
9182
4362
5417
9916
4648
6408
4306
7398
1543
2525
8542
1296
5509
9886
5231
8927
0853
5688
9514
8612
3245
8484
7778
6525
2781
8189
0165
2720
8122
3671
3529
7209
4765
7389
5404
8245
7602
3653
4880
2743
5823
8574
3229
6452
3934
9580
3417
7088
2647
8487
0298
4606
5671
0667
9381
0301
5003
8444
7766
2493
3597
7310
3639
2832
2726
2504
9074
8648
9082
0599
0882
5487
2346
0172
9745
8108
4848
5916
7908
6666
2688
9134
2112
6802
2652
7798
0203
1664
6165
9171
4916
9893
1467
4493
6296
7326
0787
6909
0889
3759
7216
7325
2004
3801
1318
0843
8884
3797
2904
3401
6225
9392
9185
6632
5395
0731
2187
7121
3294
2878
2671
4027
5942
0633
1482
2435
5855
3589
4392
7261
9495
7165
7881
3292
7262
3137
1114
7737
0856
7400
4579
0138
2993
3485
3111
4067
6993
0216
1365
6158
4740
4179
2386
3088
6798
3890
7026
5261
2201
5708
0871
0937
4271
6509
6917
6066
8798
6764
0121
5166
5510
3041
1453
4406
1855
9313
5691
8826
8971
0527
6801
0613
5408
5083
2568
4288
3819
9763
8293
4854
2230
6876
9546
1324
2423
6093
0263
1572
2069
5268
2281
2713
3981
6751
3610
3207
8749
9862
6661
0250
4989
8203
1051
8452
1433
1682
9447
2398
1405
3813
1350
8368
1521
8136
7657
7892
4197
7699
9678
8279
5289
7706
4823
7546
1641
7350
9626
4329
7502
8886
2658
6054
1104
5423
1278
5401
2361
1130
1582
6983
5511
7345
7606
9633
8675
7380
0036
1297
1286
9793
3226
3991
2310
7292
8107
7474
5689
4573
7201
6061
0722
1565
4409
4926
9062
3939
2100
3176
3679
8158
9203
6418
0069
6617
1445
9675
7910
8094
9782
7991
4341
7055
4708
9853
4369
1893
4233
2703
4763
7392
1229
5296
9605
6979
2496
2634
5881
7436
0460
5138
5584
2219
5350
7716
1180
4570
1036
1496
3815
2890
9173
6824
4709
1903
5098
6952
7674
6845
2362
8987
1784
1688
3582
6812
7627
7128
1183
7242
6080
7707
8321
8316
9926
2153
2017
3200
5174
7419
1656
4228
4862
3908
2020
5136
7468
9673
8768
1862
8310
2623
6432
6043
3000
9395
6175
6702
1586
2679
3353
5135
6170
0386
4450
0333
0658
7596
0219
1881
2835
1401
0321
9810
7256
8415
2677
1926
5367
1731
3407
6268
2923
0631
5649
4268
7579
3146
8187
2266
7311
5933
1769
2755
7789
3580
3926
9889
5645
8893
3677
0136
3463
9350
0050
1887
6217
6951
3476
9487
8793
4075
9884
8823
8026
8587
5801
0656
1584
5746
4449
3357
7555
9142
9165
0266
2583
6433
6231
9816
6514
1264
9430
5243
9159
2434
5817
9800
2708
9095
9983
1677
4074
0616
6300
5037
5950
3645
0994
0907
4178
2357
1007
5332
4412
3650
0547
3684
5829
2433
3794
2054
3261
4908
4966
6630
4637
4256
7830
2403
2347
0221
0367
0449
0788
5767
2633
8485
1753
9547
6302
0533
2252
5152
2690
5177
7399
9739
1189
5651
1397
2600
7743
9869
3309
7229
9442
6186
1951
8588
8093
9109
3754
0237
4052
8729
1225
9966
8770
7929
0014
1657
6723
7676
0023
4909
1644
3471
3607
8253
1917
5713
1019
1270
6204
0273
0968
4049
0447
7423
6282
1718
4774
3427
5128
9628
1982
9522
5130
9507
1015
9794
6816
6301
5336
0615
0293
2330
0563
6551
6670
8556
0958
8843
5910
7851
0555
4427
0130
9015
4868
1065
2764
5000
9352
2431
6062
4891
6919
3702
9360
6565
8945
9641
8155
0550
0084
3753
1737
3559
2407
2627
4025
8332
1867
7281
9231
9511
9786
3591
4310
0287
1938
4962
2166
3546
9510
2283
7736
0737
1798
3262
4913
3838
0304
7575
1999
2725
0953
5837
9985
1952
7703
9067
7374
5465
6249
4930
5514
2487
1978
2174
1723
8170
2107
2744
6196
9477
8734
9083
3195
3050
8065
0772
4509
5063
9001
6477
2980
1294
9508
9822
5468
8537
7495
8133
2834
1579
9309
0983
0848
5659
1064
0161
1589
4043
9850
2530
5562
8396
4380
7847
1953
7615
2006
0177
0795
7390
4632
3497
2222
2879
5993
9632
9544
2581
7425
2952
5494
4808
9413
1734
4225
3696
4751
3971
7496
3065
5175
2216
5707
1770
7194
7245
9033
0306
6925
8083
8981
1174
5608
5585
7294
9296
1251
8023
9878
2206
4616
5683
5451
5874
9299
5320
4031
5255
2625
8399
5971
2399
8496
2864
4118
7839
7759
3372
1422
5789
8066
1539
7432
0738
9341
8988
6453
5471
5145
1463
8208
6440
9184
2223
5438
2986
7293
3157
9462
8166
3555
2122
9161
2614
4979
3350
6645
4587
8552
5833
4108
0537
1223
9215
0310
5958
5183
8315
9550
6699
4286
2309
5984
4147
2454
5410
4181
0911
4479
3026
5609
5457
4086
1439
3012
5281
1661
5005
7162
0465
2573
7791
4001
1733
4715
6345
2740
8440
5447
5484
7231
7553
7321
0669
9924
4203
8635
1857
2735
6859
9730
5486
3387
4244
4611
4024
8586
0479
6727
1346
0927
8678
7204
8752
7367
3492
2945
1946
6049
3769
7135
8733
1594
8271
1779
2963
2962
8764
8583
2685
3244
3972
9112
3450
1011
4046
1660
0132
7471
9714
0005
7775
7219
1623
0553
2939
8405
3942
5935
2015
6342
2317
4360
1493
9989
4792
3441
4298
6277
3009
7100
9301
6209
5405
7957
2849
5834
6355
3247
5252
4420
7920
6489
9608
7249
2738
9757
0113
7755
3565
4528
1789
9111
7314
2767
7983
9318
7258
3906
1097
5795
7482
1563
3902
2255
1047
3171
7110
8240
8565
7160
4294
9559
3069
2365
0854
2327
2827
9153
0228
4370
8326
9737
4684
2239
0587
8894
9319
3234
4208
4504
7810
6067
8218
1601
4082
8757
8844
3152
4276
0625
9054
6916
1853
6338
5842
1261
2151
4363
8851
6237
5301
1703
8418
4668
0450
1870
4849
5340
8737
4871
1208
9333
5603
8034
9311
1391
8284
5203
7487
2476
8723
7152
4685
9759
7797
8687
3443
5657
8177
6414
0596
7222
2290
7407
4910
2163
3907
8925
2917
9322
3203
8372
0710
7447
6948
0131
3570
8285
3310
1915
0755
0032
7027
6090
1550
7786
7529
5712
0369
1617
2761
9211
6779
8997
6768
0637
6486
6139
5636
1194
1763
0997
4952
2704
1407
1076
5539
8708
5868
4707
7995
0974
6184
7328
0091
7377
9312
9957
8984
7102
9561
9235
6799
9715
2060
4358
0318
8254
3290
0689
3264
3537
5424
9958
7052
9438
8090
7869
7214
9584
9573
1027
3951
9197
8213
9304
4095
7663
8401
7198
5361
8858
4366
5753
3431
1523
7084
6001
1098
8657
7850
3839
0358
7689
1685
2820
2522
5675
8025
4346
6430
0564
3468
3185
0076
7065
7868
4778
2286
4943
8416
5093
7426
4182
1924
0779
2091
7931
0773
8014
8973
8742
8052
6773
6423
4665
9801
3922
3824
8769
9052
2575
1838
3266
5224
5200
1694
1741
1749
3383
7961
8481
0214
7971
1817
4216
5399
4638
7682
6447
0855
1847
8852
3519
4164
0419
2562
5815
2501
0847
1026
7130
5982
8469
4312
7118
8513
6008
2712
9817
3579
8255
9602
5695
3592
4354
3233
5799
2987
1793
0526
9501
3469
4116
0211
3817
4931
2231
5500
3974
2706
2955
0531
3561
9064
3725
0867
2920
7451
0086
1201
8957
1060
2080
9509
7019
4448
7916
0006
6571
5464
5605
1403
5619
4476
7457
1305
4907
4521
0647
3938
2997
6218
7210
7927
6195
4807
3491
7777
1018
1430
6120
3849
6323
3980
5954
9414
0935
2229
4717
6753
9024
0515
5621
9373
6244
7360
7039
4177
7785
2797
2204
2444
8774
6254
1146
7833
4065
5629
9123
5190
5565
9494
8936
3968
5569
2185
0617
0739
3611
9716
0468
6744
8455
7093
1507
2983
6788
6643
8908
1699
7213
8950
4148
0004
0259
8069
3487
7304
4247
0007
9094
9415
1468
6238
4466
2036
3118
5437
4353
2805
5676
8471
5838
8659
7845
3134
0433
3122
9697
3646
3386
4234
8132
1996
5137
1730
9606
5235
3172
8395
1848
1140
9847
3730
1173
7438
8506
7029
8070
4303
1669
1293
0645
6501
3658
1072
2646
8038
3038
4736
9463
2039
7613
9894
7259
2692
0139
1322
0141
8641
8579
3886
1306
8618
5638
9645
1577
2445
4267
0244
3078
3343
8982
2828
9412
3198
3782
6328
9586
7030
9512
2766
3502
0999
4463
5370
0560
3681
8878
8869
5544
3996
2227
9366
6142
7510
2838
8879
9806
7549
0068
2888
8047
3317
9672
2023
2489
9751
5084
5141
5643
0342
2984
0001
6663
8651
9558
6554
7018
5654
3983
5698
8786
0253
7951
3675
3606
6899
5513
0431
5715
8633
8880
9260
3630
2438
1621
3377
0752
2599
2041
0338
1152
0605
7746
1780
2960
9705
2214
7282
1486
3265
1636
3464
9594
1898
0352
3178
8299
8951
9844
6135
4641
4768
8246
5187
0275
9199
5885
0908
6722
8377
4070
9749
2335
9089
3280
3528
0761
1434
2406
8867
1199
8339
2033
9427
6221
5186
7633
4779
4713
5625
7149
2142
9450
3333
4905
6172
4496
3499
0727
1825
0837
2019
1549
7043
2848
1900
5331
2736
7649
2675
7511
8378
5595
9829
1373
4701
9041
3613
7336
3045
0865
6545
4739
5859
9076
2329
0106
7990
1814
1287
9168
2895
1159
0020
3866
6252
0227
0475
6781
4180
0791
9213
4643
7750
2612
3917
1932
4802
5002
8617
4517
3059
8384
8821
7368
4646
6956
8205
8709
3747
5425
6765
6709
8999
9726
3936
5060
9362
4544
6269
6102
7415
9482
7167
1300
3584
0790
8374
9524
2881
5784
9905
6500
8620
3716
7145
1906
5031
2272
6425
1443
5940
0075
2532
7838
2792
2494
4750
3705
9048
7853
7834
9865
7634
5312
4322
6469
5873
9941
5001
5856
9908
7016
6144
8672
6520
8292
1377
7424
1933
4055
4843
3798
1818
5018
0726
0571
5109
3887
6497
6108
7334
4563
6872
9458
1276
6627
7215
9838
2381
5400
4688
0860
0536
4595
4280
6013
6503
0374
9834
4748
9183
0241
8972
4069
1826
6874
3780
1776
1821
0554
9187
4422
3687
5596
8704
1638
3297
8360
4560
5693
5089
0391
9787
0868
7155
6435
3852
2354
5046
8501
0290
1849
1712
6056
7567
1464
7700
0898
8627
7287
2410
8825
4281
5556
9570
1912
6762
6905
9711
2118
7073
7203
3363
4085
7608
6969
8873
8811
9746
6790
5554
3744
3521
4003
0247
2002
1362
0265
8296
1299
3914
4507
6494
9100
7305
3432
1184
6270
3743
3320
6476
2425
5181
6128
0984
0458
3114
1994
2249
0441
1649
8476
7595
1309
7667
4396
9990
6384
9780
3767
6886
0147
4135
0814
9635
9384
8449
1413
0895
8938
7381
9377
4633
9872
0785
0093
1213
6421
2664
3832
3390
4487
5324
1944
7095
6592
0313
9964
7960
3772
7540
8361
8801
3489
4832
6893
3268
7767
0070
4948
6598
0610
8732
8832
5593
5100
0448
9245
1547
5322
0682
1628
7090
5047
8653
5637
7418
2846
2563
4478
0041
1313
4200
1891
1873
6805
8986
0464
0841
7339
5467
3326
2552
4295
6825
6182
5444
0736
5430
0110
4335
3629
7178
4238
4845
0102
3985
0239
4172
4726
1070
5042
4022
5537
6885
8029
3701
4695
5251
7644
3418
6291
8004
0985
0122
6910
0101
6280
0933
2221
0207
6467
7354
4531
0493
8740
0053
8503
3623
1846
9527
4772
5889
1517
5798
9063
1385
4462
2306
6586
2924
7083
0030
7915
5871
0262
0051
2862
7936
8966
7762
6818
3498
7898
6975
4100
4858
9693
8638
5038
1850
4196
4796
3916
3507
6123
7317
6117
1957
5786
2088
8257
1495
7675
1684
1509
0196
2905
7479
5226
7443
7765
6549
2985
7312
0810
3217
9758
0456
0512
2210
7202
8298
1538
7366
7369
0218
7516
2602
2273
2958
8911
1082
2757
1187
2812
7872
3028
9545
1192
0593
6572
1370
4274
9918
3988
4720
1650
7808
8824
4152
9195
9652
6673
9517
3572
0478
2164
5033
2417
6924
6793
0309
6542
3672
2393
6427
0500
7782
9735
2044
3440
9784
4662
2965
9244
1706
8204
0949
1796
3568
4492
1342
2211
1872
2325
6576
4985
3031
3858
6320
3461
8903
4600
4102
6755
7504
9198
3110
7841
8727
4093
5074
7534
4867
4371
9369
4800
9149
4395
0368
0733
7271
1800
5155
1768
4020
4625
8451
2724
8600
9353
4033
5965
9887
3741
4719
7603
8291
9997
6395
8294
0422
2093
7781
6079
3905
5388
4555
6963
7828
1627
6701
9275
3488
7800
1323
7161
1358
8853
7519
3061
2492
2753
3104
8140
2049
8933
0381
5966
7197
1071
6931
9263
3460
2447
8344
5587
7913
0878
9833
3692
6369
5741
9329
6600
1743
6278
7612
3876
7176
7768
1556
0568
8507
2776
1337
9268
2595
7097
8012
3334
3990
6275
2186
5814
2539
2798
2191
9706
9335
6573
9903
3899
5065
6738
1766
0970
9405
3722
5264
4077
4941
3416
4021
4644
8000
4902
4965
0866
6780
3879
5946
6173
5751
5975
0057
9210
0055
0115
7947
5911
2339
7917
8154
2830
6678
7761
4096
9551
4009
8716
5547
5613
1079
3751
5754
6274
3542
7702
9929
6654
1732
9489
4963
6606
9502
1204
5342
3863
8647
0861
8460
1167
7035
5771
1544
5944
9291
7179
5309
2577
9085
6389
1765
8980
5241
9117
8226
5898
6758
1590
2972
2480
9970
9078
8086
8419
7387
4081
3750
7974
7058
8289
6945
5808
7729
9533
8500
4659
2578
0885
2953
1483
6450
8553
2446
7477
7403
5263
6516
9895
9591
8754
1967
8041
2841
5945
6362
8955
6417
7954
8615
6537
4857
8778
0492
8442
4879
1646
5571
8545
1696
4356
9037
8807
6312
0830
1667
7168
4231
2092
9465
3273
0351
0619
9755
2794
3222
5311
0507
8311
3025
1353
2547
1573
7037
5824
0498
3103
4667
5112
8783
5976
0741
3704
6019
4186
8592
8802
4850
5714
2368
4402
2851
7897
6763
0705
1806
1427
3211
1171
0891
1575
4773
8348
4526
7683
8758
5991
4548
0803
1469
8594
3927
7480
9398
3096
7874
5618
8272
4542
0595
7498
6550
7431
9419
1935
3455
8720
8870
4141
2811
0831
1043
0453
4514
2822
6003
2278
0409
9436
8960
6346
3569
0995
6863
7551
0058
4429
4460
9440
7193
6875
6626
8650
8934
5831
5900
7521
4969
2803
6829
8865
1421
3842
8352
0514
7045
6741
3029
5853
3870
3514
2101
4945
5316
6970
9325
3090
1984
0323
5650
2158
0833
8812
4264
1315
2728
4468
6208
9234
7859
4912
1260
7814
5229
8622
0066
9308
6742
0137
4154
5857
2819
8467
3408
9788
7989
9421
4166
0407
7430
4139
4578
0398
5690
7754
5906
8539
5448
1725
9376
4351
0704
1335
2007
7003
6775
7816
0181
6288
7842
5073
9671
0576
2903
1840
9014
2291
0185
6521
6649
4840
8609
5620
1981
4497
1031
9096
1420
3403
6911
9200
9720
0045
0692
4301
6994
9624
8288
6206
1762
7136
0446
7515
2173
1151
0119
0194
5205
3619
2631
9448
3479
0379
0018
4664
3125
5162
7909
2682
3271
0476
2478
2885
3080
5743
6881
7177
1567
3737
8763
7574
1198
6356
4490
9478
9843
2342
7071
7170
5280
9808
1992
9046
0088
6849
1093
4010
1044
0561
0745
8631
6289
2892
4165
7361
7533
1013
6256
2556
3020
0384
4262
5140
5994
9137
1674
0292
8670
9614
4051
5212
3517
9710
5766
4263
2850
7190
9937
5755
4144
2557
1671
1606
2172
9611
6004
5515
9300
2355
3345
1157
0992
2564
5930
9357
6197
4744
0975
6493
9424
5117
1799
0349
9942
2940
4241
4129
6259
0105
1792
4454
6482
6449
9160
4435
8265
7337
4700
5304
8693
0376
4350
3341
7405
9154
7298
5720
5248
3123
6024
1135
2629
8323
4529
0443
6579
7701
9904
7131
4944
7420
5529
4608
2498
2538
6879
4999
5525
7164
8632
4971
4894
9192
7795
1808
6183
1983
1193
3864
6671
0987
6359
3253
8111
8686
2825
7012
8214
9110
4340
5635
0765
8030
5008
2128
4132
0220
4696
3136
2415
8146
7933
9066
8831
5756
6546
7475
0224
0182
1393
4883
2247
9767
9991
2670
2366
6138
8365
3230
7104
2759
2569
2606
5739
8949
6534
8534
9992
6506
2660
8056
4237
1227
8828
0819
8162
9910
9476
4253
4305
2823
8608
8439
0389
5354
3993
4885
2450
8100
2843
9863
1652
3656
3880
2857
8760
1995
2747
7568
8916
3187
9770
6307
7300
4319
0829
0354
7661
6152
7959
2605
1961
7384
4464
0888
9391
4425
9565
2808
6960
4997
8304
3697
5896
3715
7542
6867
1966
3694
9777
9846
9922
2284
7832
4153
7148
4243
4272
9536
3662
1970
4127
7005
1212
8961
6985
6638
4525
1406
5154
8212
2818
7120
9955
0525
4026
1067
6655
1934
0107
7641
4522
2258
2543
6841
4593
4227
6331
2392
5420
4300
8139
2998
6840
1177
9731
3978
1127
5803
9323
3376
9273
9228
0294
3540
6096
2745
3344
5783
8724
7289
0723
7855
5850
1246
4042
1754
3659
0703
7223
9588
1009
7101
2719
6047
3820
6736
5574
2613
0622
3311
9791
1077
6687
3366
9912
9490
9568
9836
1048
7653
6203
5957
0385
6159
6720
0986
1936
9913
5758
7011
5763
8595
7024
5733
7860
5472
4851
0665
6838
8848
4677
4491
2167
4410
4954
3998
6821
1465
3856
4426
1829
9897
5656
0189
2391
3021
5480
2529
9276
7388
3405
3453
5633
9264
4881
5274
8412
5952
7066
8839
5048
9456
4259
6804
8717
7718
1622
4122
6071
9703
2140
1166
6647
6216
6222
5742
7576
9890
3878
7401
0073
6614
1655
2894
5764
2307
9525
5983
6557
8941
4390
2858
4023
5704
1021
7396
0742
1032
3719
3547
5495
2067
6778
1106
4973
2032
7889
8944
2363
1634
5524
8942
4494
9520
9649
2802
2791
5267
2576
6059
9464
3636
5864
4489
9351
3358
1112
7270
1948
2982
0188
7545
8625
6987
0328
8191
1029
8456
3108
6335
7710
6187
1317
3956
7470
9406
1574
9842
6154
2364
4379
7557
1444
0152
3837
3164
8057
9727
3783
1096
9378
2687
2996
4537
5300
8515
7932
2514
6826
8358
6533
7033
2021
8932
1812
6219
1303
7141
9740
5061
8658
0049
7185
3574
3746
6326
3612
6235
0919
4518
6944
3324
3571
8125
5794
2400
0583
5105
4839
5949
1604
8427
9394
4128
6754
2856
7063
5493
9587
3963
4803
6676
8838
4827
5415
7279
4788
4013
0026
9915
7248
1663
0133
1110
4039
3117
6042
4159
0074
1399
6143
4572
5995
9174
5127
8660
7678
1243
1396
0884
7074
9361
5586
9839
6713
1746
3735
4330
6347
5533
1830
2070
3444
3286
9708
5588
6480
3855
5184
4016
2031
6188
0959
3923
9186
3891
8528
1662
9604
6675
6652
8518
7996
0876
7435
5844
1922
1282
2681
7944
3302
0873
5208
8270
8356
1518
8498
4852
5163
9459
5271
4810
2580
5180
4307
6101
8499
1230
2405
4775
8232
8217
8479
3116
2305
5107
6934
3897
9130
1791
1940
5363
2950
4605
2956
0744
6214
3911
5670
8149
2038
3318
4984
0540
0962
6390
7520
5955
4470
2553
0675
6402
1188
5974
7053
0346
6119
6325
1609
8373
0430
2598
8611
3793
6813
1681
6038
9156
2213
8457
0939
3354
9928
0768
4385
7517
1220
7410
0746
8362
8540
7439
5812
6405
3762
7739
8585
2995
3415
3740
6528
4589
9382
6492
0842
8098
6194
0640
4660
4817
1724
1197
6684
7807
0225
5087
9686
5696
8058
8466
2542
4421
6559
6136
3575
0901
2705
9206
1498
4099
9256
3085
0951
6404
6455
8810
1232
3282
4431
5327
3212
7824
7473
2632
0432
0162
9717
6943
8002
7237
9973
2873
4706
0642
5384
3351
3039
9566
2159
1179
3238
7363
4956
7094
9345
0269
8227
4955
3649
8287
9145
9540
9998
8591
2376
6336
9684
6928
7592
4004
0956
7604
0897
8943
8677
7497
1721
2929
4759
1552
7671
4766
0039
7455
7169
8050
8602
3001
9792
2241
6127
1477
3135
7922
7505
0688
9612
1329
0459
5313
0425
8706
7629
2161
1642
8520
5210
5442
9932
6010
3930
6823
6073
6513
8084
2372
4367
3652
0064
7967
6529
4861
7796
0047
5623
1858
5674
8913
2472
0365
4365
7196
0176
4255
6831
2380
6211
7264
9444
2441
6808
1366
2401
7489
3043
5305
3382
9933
8580
9824
1336
5191
4658
8493
0677
9425
5225
9542
6568
0195
6523
0454
8219
3288
2731
6789
0626
6657
1551
1659
1441
6339
4317
3661
0484
7427
0279
5297
2593
0072
4704
1824
4284
9516
5121
0031
3903
6272
2870
6465
7696
3975
8477
2321
4424
0903
7463
8459
4705
2597
5745
3691
3948
1527
4654
0071
8697
2891
1620
0025
5386
0910
3170
1502
5318
5725
3169
2197
0008
9654
6729
8261
2727
1356
9579
3844
1943
7727
4399
6444
0159
9449
0517
3918
0674
1876
1608
8196
6349
8463
2085
2150
5192
9513
0336
7144
1426
0639
2696
0063
4391
6006
8184
9397
3165
4012
3182
1008
4933
1033
0299
5258
6596
1268
3130
1497
3325
6145
3168
2942
2134
5592
9880
2396
7643
4673
4657
3622
3627
6078
2751
3173
6399
8059
4635
2072
2497
0488
4221
3869
6884
6959
2486
3758
8746
8138
0067
2815
7124
6318
6227
0108
0167
2628
1290
8882
7687
7397
3739
4513
0887
0672
0521
2943
3709
7373
9370
2926
0806
7856
2264
6682
7134
1155
4530
8909
2916
1558
6854
6014
3365
0424
1537
7031
2212
2565
5407
1520
6712
0062
3760
5601
9528
4079
9948
8644
4250
0497
7153
1120
0793
0095
8290
7685
4889
0655
4692
6445
4702
6628
4061
6522
4714
8302
7878
6403
0046
4343
1835
5630
8902
5246
5463
1436
7963
3235
4374
3166
7732
9535
9921
3145
2340
1931
2495
4582
6190
1942
7382
3961
8563
4996
7047
4853
2147
8996
9832
0708
8667
1266
9435
9961
4860
7531
9262
9420
8964
6478
0957
9687
0502
7142
6306
2215
9555
1492
3399
4594
7147
0928
8510
0438
5779
1216
6381
4721
6330
2209
6962
4245
3133
4626
5597
5538
9812
2669
4481
7462
7446
0451
9044
0635
9638
1069
2003
8095
3138
9050
0150
8258
1843
7456
6303
9704
5428
0242
8775
9643
0921
1003
7973
0874
7985
1605
3389
0135
8222
4951
0481
0777
7811
5476
5570
5418
2352
6792
4337
2196
8557
5977
7356
4088
3007
8468
8508
7087
9946
6360
8912
4355
6811
1292
1585
4287
9194
3397
3637
0691
7571
7681
4501
9131
3019
8186
4078
9700
0520
3313
8772
0144
8082
8492
7483
0556
5230
9261
0157
7648
6703
4967
1797
8135
7585
4919
6234
9601
5866
9252
1709
4381
0127
7020
6230
2865
7358
3426
8071
5178
7200
3530
2119
2244
6463
2804
1859
3846
3685
2948
3826
5485
6577
9217
6392
3400
4060
5070
1531
7757
6777
6857
7938
9258
2062
9821
7241
0078
7940
0326
0566
0827
3454
2967
6367
1581
2068
1491
4423
6767
2276
6976
7309
7254
1163
8630
6473
5559
0954
7949
5904
7352
6490
7660
1909
7906
2868
9874
8606
5479
2911
7714
7645
7625
1154
6527
9467
2318
6562
7535
4746
8877
2908
7467
2235
7166
4671
0457
4459
1012
6691
0372
0577
1955
8350
6334
7313
9106
7417
7735
9346
4689
4569
6955
1034
2906
6566
8718
8239
6564
3120
1327
5436
5680
0724
9623
3423
2611
8897
0565
7440
8947
0198
4251
8571
8193
2316
3301
5978
5961
9088
6375
8928
8367
4438
1528
3811
9578
7894
7918
5091
6215
4911
6683
8165
8233
0679
4500
4988
9122
7773
6936
2584
2976
7023
1630
3690
9526
3437
3084
0628
3091
4920
6283
5667
2042
7274
7580
1755
8483
3573
2099
9379
5157
3781
5669
0043
5788
7770
4615
7964
3490
7514
3361
3384
7858
4261
3560
8446
0940
3976
0942
9401
9762
0680
3056
4724
5385
0538
4982
6420
1607
8006
4650
0778
7370
2653
6057
1529
4265
9659
7802
0899
7852
8970
0875
8599
4000
2989
6769
3077
7372
1756
1508
5561
5483
6749
3845
8736
3883
5845
7338
3452
5953
1640
4870
4198
2758
0945
8640
9945
5760
6892
5081
6155
4124
6728
3228
6479
9554
4895
6406
7252
7950
8105
3089
7885
3079
8968
9359
1907
6021
8689
4176
2737
3249
0175
1121
7901
9630
4444
6023
1123
5326
4471
1722
4863
5701
0335
3937
3224
8178
5478
2200
0417
3609
7234
3189
9519
5641
1865
0695
0796
6890
7129
4679
6747
7590
9940
4137
2847
4048
5818
3920
3809
1473
5858
0818
6637
4136
7742
6267
8771
1062
0598
0621
2050
1860
2877
4333
0659
1842
1472
8078
9356
3067
5740
1459
6319
5611
9798
0629
9358
1997
6833
4316
8064
6847
8505
9854
6904
5443
7207
5997
8079
9254
6032
0551
1658
3850
5768
8328
2414
2242
8151
7308
6597
2636
4175
7186
9729
4841
2771
3486
4558
8830
2774
8210
9827
1678
7941
4936
9297
5357
4014
5082
7119
5383
9498
7609
0317
0112
0340
4037
3634
0154
6740
6257
3708
3208
5314
9603
2490
1424
2460
8698
1888
8464
6193
2475
6207
2975
0205
1882
7284
3877
0712
4056
3551
2717
1702
6733
3042
9404
5927
1364
1562
6920
2202
2914
5179
1519
6791
3900
6815
3588
1202
0146
2918
4296
0697
6441
9326
0892
4681
1788
3862
7263
7406
7953
8411
8224
1810
2871
8888
0003
7610
6585
9818
6094
8517
4676
4815
0620
1576
3327
6147
5542
1455
5429
8088
0606
2171
8562
0461
8923
3882
6070
7725
8387
9790
6719
0332
8359
5234
6748
5449
7556
3099
0099
4614
3889
9204
0923
7379
5058
7472
6901
0256
2331
8523
8185
0399
4217
9385
5531
9521
0129
6483
3278
8994
3892
3144
5694
8551
0573
6245
8172
1845
6114
3414
6456
2666
8429
4536
3202
9018
1794
4292
2073
3553
2941
8578
3368
4897
3721
4781
9660
0470
3044
1263
7582
2641
3030
0092
6428
9655
1101
9984
4383
6077
2464
1253
0807
0013
6485
4349
8918
8610
1372
3958
0341
8527
6134
1378
3868
5466
9295
2936
7581
1458
5581
8327
6908
7912
4829
4824
3087
3141
7614
8011
4352
0581
8521
4168
6939
9807
1367
3986
2113
2097
9432
4510
3205
0217
4252
0845
2057
9505
4030
4968
6940
8649
5185
2451
5555
4495
6710
7251
9431
2938
1398
7930
0209
5202
4821
8161
5188
4553
5057
9486
0701
8482
9457
7103
1418
1221
7290
6635
9202
5071
2684
2626
5634
8117
9721
8131
0820
1423
4257
4539
4308
8558
8051
2889
7646
5368
4716
4789
6461
7815
6133
2721
0411
8068
1879
7302
0506
9679
0754
9930
5901
2800
6321
2840
1871
4886
1237
8053
9907
3827
2106
2203
0254
7541
5236
9891
0681
3912
7548
3957
7098
5240
1972
9380
2056
4163
6248
1679
2168
3526
1449
2413
0282
1666
5985
9768
0174
5548
8309
3338
3778
5069
4585
9355
5101
9158
9363
9944
1930
4591
9026
8425
0302
6189
1748
8015
1548
2350
8995
5648
4575
9460
7708
1960
3947
7297
7895
3481
2123
3066
1866
9059
3567
3474
7803
8283
0630
7809
4215
9906
2734
8385
5004
6697
6734
6150
1587
2081
0906
7243
8129
9613
9108
8380
5068
3663
7925
6760
9227
1889
1989
4359
5134
0661
0934
6785
5233
1419
1050
0258
4540
3723
8392
3970
6873
1524
7864
5458
0836
2844
7970
3814
4527
9055
4949
3429
1022
8147
8190
4764
1256
6368
0902
6063
6273
1429
3982
4224
8424
3075
5348
4443
7009
0973
3818
0993
2786
7730
9506
4516
8529
1570
4080
8491
8040
1503
4640
1950
6487
5220
7158
5490
5172
1226
9950
8434
3220
2567
8605
5441
9332
7492
6466
4461
2341
1369
7351
1571
3520
1010
8992
9698
7999
8979
6660
6394
6844
1269
6839
4925
8382
1618
6634
5658
3756
1919
4028
2481
1210
4201
9598
6718
6735
7106
9155
7112
4846
6587
3621
8407
1905
4457
0089
5891
8445
1488
9321
0145
0735
8163
9437
7640
7532
5892
9873
4387
0730
5692
6223
2465
6850
4508
0548
5959
1822
8106
6978
5195
1457
6092
0435
7998
8762
8494
4336
6686
0719
1591
9075
1559
6796
8953
7057
2314
1975
0967
9043
7958
8836
2009
5646
8060
0530
8432
2207
6612
7527
8974
2801
4923
7189
6459
5133
8662
4239
2558
5402
4683
9670
8907
9114
8277
2299
8914
6264
6540
5668
8524
5019
8085
6950
9053
8871
8815
8751
5375
7565
4782
5722
3973
0240
8414
4710
3291
9189
0771
1759
4106
3128
6099
0276
0776
7365
4809
9286
0839
4757
3378
9120
5804
0120
5009
8787
1923
6786
4731
7075
8319
9828
3162
0413
6877
6299
5392
0978
4293
6105
4209
3359
5111
5810
4663
1823
7330
4976
5450
4138
5164
0037
7939
0832
8390
5918
0212
2154
1941
8113
0943
4835
6265
2739
9010
3156
8074
2047
9736
4260
5045
4669
5344
1727
3712
6247
1533
7586
6853
9995
5937
9709
8859
6171
3796
3898
8785
5023
0809
0192
2582
6064
2954
7591
4901
4869
7324
5716
0529
3995
1611
5700
5021
3549
0609
8576
8121
4987
8930
2994
1075
7080
8274
9857
1742
9229
3945
6913
8453
5964
3465
2491
3667
7630
9466
1514
3556
4959
7318
2517
3736
9778
8266
9278
5328
1351
7001
3119
0090
7854
8091
4323
6361
4767
4202
3742
8777
7907
4430
5905
5149
0870
4556
2360
5972
3533
4978
6745
2531
7452
7067
3764
8509
6111
2055
1447
1387
1993
8817
9280
3184
0849
7159
5711
3640
3935
4960
9621
5319
7460
4087
6400
0477
7764
6912
2263
3727
9765
5232
2169
5143
6364
5120
6756
7393
6594
9775
9039
9141
3545
4297
7655
3393
5897
8628
0770
1910
0578
5729
9061
0499
8875
6618
9084
4519
9051
8504
9238
6870
9543
9176
2981
1647
8486
1596
8322
0979
5848
0473
3449
7525
6007
1247
4718
6285
4125
9348
4532
9396
5519
1560
2527
7353
5518
4375
4612
5943
8705
0442
4275
6921
6981
1614
6932
8695
3105
1698
3834
6124
8235
1056
3102
0236
5217
5941
9022
9167
2824
0345
0312
3161
4934
9180
2383
5189
9042
7277
0373
9065
3910
3602
5288
5973
3494
9209
9819
9143
5796
1172
0104
2520
4098
1080
5566
9259
0846
9339
7637
1751
7295
3072
7490
5793
9597
7081
3841
0900
3641
8388
6800
3548
3564
5532
0918
6160
7059
1379
5108
8099
9978
9113
7900
7357
4838
0574
7813
4776
3482
5389
0480
5923
5505
7113
0286
0966
9336
6157
3749
8462
0864
5498
1218
3501
0808
3693
3795
4110
2090
0624
2411
5294
2111
6524
8061
1284
7378
7734
4538
2319
9938
8596
2665
4856
8480
7126
5644
2937
7034
1325
3024
2609
1522
2189
5307
0270
4559
7458
3438
4212
9848
2899
5748
6995
0471
0166
1726
8341
6255
7873
0168
5282
4607
7385
1802
2585
1182
9080
6314
9056
9399
5903
2084
5517
3893
5247
7589
6149
4342
4398
9175
2287
1526
2872
9191
1285
0042
8712
4090
4302
6784
1211
2274
7195
4583
3776
3531
5980
6387
2512
0288
7060
7146
3023
3406
5826
1831
7013
0010
6434
1442
6705
9451
0693
9629
7962
9461
0877
9036
9190
6311
5064
1595
8249
7307
0437
1014
5879
4400
0366
6973
3155
1440
2269
3707
7572
8750
9718
4855
9025
1580
7861
2308
9225
9888
8179
9057
1832
2619
5699
5182
1017
5612
6692
8993
8194
8475
0612
9302
7804
3412
0660
0813
8767
9152
6315
4994
6746
5780
9232
2370
5785
1415
0838
6016
5947
7780
0740
2667
1428
9756
8120
5516
4630
9045
9472
9713
3509
6185
1863
7713
1258
8317
1805
5615
2638
5339
3657
3010
1118
4378
1394
6714
5664
1109
7942
7888
0751
1484
9073
9019
9876
1147
6512
3959
5393
1389
8019
0009
3522
7296
1176
2240
9631
2148
7867
5685
6732
8054
1435
4126
6677
5787
5677
6060
8018
0190
7636
7650
0924
5507
1334
1414
1588
4190
9097
5738
3770
3829
8003
6999
8010
7315
4403
0946
0685
4795
1235
8148
6471
3768
2280
2655
0028
6832
5094
9221
0246
5702
0123
7554
2884
9835
4062
9272
8998
6581
6819
9569
0905
4580
1971
8221
6022
7717
3821
9831
1569
9103
4918
3062
0314
4834
8202
0245
1705
2810
5292
5934
0415
7979
2765
6759
1023
8820
2429
2353
1633
6817
0929
4758
4072
7342
2279
2377
9445
9283
0353
2775
0052
5062
7966
8389
7692
4873
2566
3595
2710
0597
5366
7329
9251
9503
3060
5778
3678
5075
1481
7138
9434
6350
6177
4415
2485
9689
2769
5106
8952
6115
1404
6290
1170
7849
7375
2065
5052
8042
6570
7182
6927
3348
5262
3106
5334
6046
7563
1896
8314
4693
9017
8526
2883
7788
7935
7371
7686
1546
4935
2426
7156
8803
0915
8883
1625
7230
5197
0947
1711
2927
7876
1956
5295
4266
4236
3276
0038
9805
3160
6226
7890
5435
2999
2650
8735
6887
8654
7905
6530
4226
0208
5936
1929
9162
7211
2589
3413
8333
7513
8130
7720
2374
4036
2806
1408
9072
7465
6153
1506
5887
2882
0056
1402
6923
1191
7127
0156
9682
8403
4565
5890
5986
1279
0988
3107
2896
7044
4812
9728
8167
6045
2194
2809
2053
9959
7247
5673
0016
5506
0348
2643
6499
4011
2695
1311
9892
2732
8306
8188
3543
1295
7484
1374
0789
0676
8409
1094
2912
4184
5655
6086
0618
1790
7758
6590
8560
0019
8861
0683
6181
5159
1083
2217
4071
7105
8016
9694
7021
1390
1603
3013
2663
8958
1510
5990
7984
9576
7322
8939
9069
6770
8792
6508
0543
4730
6743
1411
9005
2295
1392
4597
7806
7448
4455
3774
2026
2232
5854
3933
2621
1238
3388
6363
3997
9883
9734
6855
8891
9994
0033
5932
9040
0528
1778
3100
5365
0582
1947
3979
1828
4656
0359
6837
6343
4002
2297
5737
8781
9285
7151
0822
3804
3703
9303
9220
4372
9823
8035
8696
8799
5893
9140
8623
0344
1578
9496
0869
5951
4993
9068
6547
0427
4512
2402
4747
9802
0880
0315
3466
9148
7224
1687
1861
2893
3186
5211
6883
5446
2098
1326
5168
3433
1921
1686
6069
5791
1757
7530
6304
8511
6574
2973
9837
8766
9007
8862
6504
5813
5772
9008
0863
4833
6443
9132
5948
3177
8013
8242
3583
6220
5956
5284
6880
4436
8929
0469
9712
8860
0982
9027
2001
0360
0280
7560
3614
5583
8841
7578
5147
9150
7364
0418
5541
8313
1302
1704
9799
5034
5757
1987
9722
0096
6126
8181
8087
1904
8795
3977
5290
2089
5907
5661
2860
5591
0414
7652
0319
9013
8036
6664
9677
7408
6926
0149
8730
6700
2369
7054
2661
5607
8408
3148
4499
7793
7077
7836
2075
6034
4904
0382
2730
4917
3473
4207
3944
5358
4927
6229
2250
2312
9470
0197
8497
4150
5160
7205
9034
8244
4734
8474
5543
1542
1959
2707
0663
0698
2469
3174
0316
6041
7085
4314
1330
9387
7007
3894
3919
8175
3931
0558
2789
8954
4535
6081
8619
4761
5461
5102
5528
4133
6011
8573
1054
9219
5125
8320
9006
2524
2814
2121
6366
8598
2711
6475
3632
9121
0916
5421
8295
3270
2594
5759
7982
0917
2014
3201
4361
1811
5398
6954
8743
1332
4171
0357
3915
0914
2624
2785
7827
3771
4433
9049
8703
6333
0585
7654
0936
4484
1388
2518
2550
2988
3336
6582
7402
1412
3872
2762
7712
4780
5604
6961
5960
6717
3954
1333
4347
5396
9372
5242
7413
7822
0278
0083
2549
3506
7174
7639
3901
5216
3791
3209
4652
1672
9795
3158
5512
6460
4928
7332
1025
9931
8349
7485
5647
7756
0952
7316
8092
8286
7745
5272
1142
3666
4647
0231
6352
0857
9789
0990
4304
8043
6017
5373
4477
3281
3503
9163
4377
0271
7411
3816
8238
0519
9347
0272
1974
6621
6373
2345
9237
3896
3375
2146
9446
4753
2807
1240
0380
7409
9290
8899
8381
1095
5902
4568
7273
2059
3392
2422
9115
9979
4389
6515
5653
1236
0743
5411
7558
5843
5470
8183
3952
8535
4112
2344
8816
4666
2141
4047
0557
5776
7319
6507
7268
4777
0204
3932
0235
6491
4382
6250
8636
1456
9610
8470
9669
9867
6633
7952
7349
1501
2373
7570
2455
6088
8685
8495
5072
9911
4972
3017
3396
7870
3323
0729
3587
3806
5096
7335
9999
8336
6726
2282
6608
8021
9518
1856
0510
8472
9218
4017
7509
1977
7977
5719
0977
8671
8890
6646
5752
8282
3969
9483
8267
5894
3179
6322
6095
7994
6391
1448
5553
1598
0524
4277
9607
3153
2076
3711
1740
1040
4407
8847
0503
0964
7107
1729
0955
9619
7079
5732
6679
3699
5353
0760
9600
7267
5434
0657
5501
3083
7904
1244
6074
5459
4229
9537
7464
5530
4206
0463
8975
9453
6472
1532
3515
0311
4320
0632
5379
7086
2087
0912
8646
1880
6132
8872
6446
7154
7550
4254
9422
6644
8896
7217
3848
6439
8393
1205
0308
4785
9529
0758
1382
6243
4104
5349
9825
8039
6750
7776
9870
5341
4545
3054
0252
9814
3379
6224
5025
9541
7704
1851
8538
0423
2449
6882
0690
2193
5610
7709
9648
8874
6036
6856
4114
0024
4649
6052
0607
3456
1854
2296
8402
2697
5770
6861
5989
4743
3989
5011
8702
5176
6787
1316
9577
2887
8256
4699
2138
7740
2245
5266
2034
0523
5790
9644
1988
1045
6176
1476
2922
1195
5148
0355
2181
2178
9783
4453
3082
2437
9988
4805
0416
1597
9242
6502
7673
5775
6484
8639
5931
5750
5880
7486
8714
7812
5627
1207
3586
3008
2052
6018
1719
3015
5552
3535
5481
4562
5876
3057
2388
9963
5299
0775
0759
2511
0748
9582
4205
5921
4249
9656
4520
1639
8889
3626
4619
7143
2689
4194
3374
5550
1980
2477
7670
4581
7288
9324
2944
2029
9334
6795
3860
5335
8784
4064
1345
8688
7157
3451
7391
3724
7346
6511
6610
4097
8037
3660
4722
9253
3362
2461
0600
4486
4680
9070
8569
4232
0883
6107
4804
7137
8601
2156
5504
2535
7829
8112
9642
6260
6210
0404
3713
3865
8229
9127
5223
4878
3777
8420
0307
0143
1133
1349
4419
0061
8680
0862
3047
1913
1695
0200
6834
0684
9590
1894
5431
2678
1320
2254
8568
6538
8753
9515
7428
0350
9858
0179
5672
0769
9240
3775
6000
7491
6505
4045
2184
2083
9349
4416
0603
9058
7587
2484
7327
2328
1115
7715
0544
1815
8522
4762
2648
8614
1516
7705
9316
0363
7668
7172
1186
3097
1267
5067
4248
0513
4185
8216
4816
0913
7617
7078
9764
6716
8519
1162
4947
3946
5302
2992
9327
9661
5724
2859
7607
5315
0816
5665
8607
2334
8305
6731
5988
6388
3909
7429
9595
8343
3373
4169
8684
1771
7887
6396
5330
9954
6848
3550
4620
6561
8731
1916
3258
6990
2867
3337
1090
3538
8917
0284
0331
5939
0118
3032
8346
3192
9028
4134
6169
9455
8430
8180
1132
6380
1347
2778
1103
3615
4485
3074
8063
8247
1886
7632
5085
1554
8976
2909
0260
8076
1417
6519
5371
4798
4576
6968
5679
3853
9144
6803
1809
4029
3093
5735
0017
7441
5616
8347
8959
1165
6835
4115
2220
5347
6051
0297
5473
4482
2109
7040
7988
3787
2311
9683
2503
8666
3370
6468
1803
2910
2574
4771
8713
3355
1837
9563
7246
1084
8312
3435
3748
5802
3213
0948
0233
3391
6091
4828
2463
5218
6082
3218
8946
8375
5727
9774
3789
2440
0142
2022
6694
5209
4990
2028
6739
6771
1540
1088
2086
8814
4498
2787
9266
9224
8176
3269
9766
0859
6689
4084
2432
0421
9030
0303
2165
4418
8725
4109
0886
5792
9344
4546
4348
9426
8300
8075
8223
1511
7837
3929
8020
5194
2188
0483
9625
1979
5600
6619
8342
3349
2586
9101
9531
3364
8250
3092
7015
1000
5825
0673
2861
2635
0766
5852
7006
5030
6076
2338
2389
6113
5228
8661
4123
6140
8236
6205
2499
4059
4888
3248
1107
1512
1985
6438
6083
2907
1773
4386
7386
9023
7056
2179
9265
0981
5899
2676
7466
1438
3036
3316
5762
2523
8173
5015
1254
6707
8983
1462
8400
6162
6946
2129
0111
8337
5919
0124
9691
0021
1819
9133
6298
2418
9967
4289
4756
8049
3873
1717
0881
6536
8819
4140
1965
8241
3428
7226
1383
0098
5454
9585
3411
3680
0402
8906
1150
5922
7253
4437
0097
8567
6130
6263
7412
5576
8990
9852
2718
8842
4015
0125
5343
1248
4547
3965
8141
7091
5078
3307
8144
8863
1645
8118
5380
3786
4678
9091
5697
4111
6665
7899
1338
8394
2160
3033
2709
5579
0334
0180
3385
9965
1937
7002
6398
8673
0931
6297
2880
2855
8710
1190
6411
0781
1470
7062
9403
4442
0226
3732
3733
7879
2228
1534
1693
2729
6957
9257
8437
3706
8269
4983
7508
4922
5489
8413
3216
5387
5744
6914
5416
8582
2301
1777
5705
3668
7723
4506
4711
4173
2144
2116
5239
6236
2833
2784
1675
8637
6567
7937
7642
8410
7981
1564
5090
4480
3784
3035
1720
9474
5041
3331
1557
3006
2024
3322
7594
2642
4770
0926
7180
8438
3448
5043
4864
2620
2145
4413
2040
9031
0223
5475
3215
8915
4727
3005
0187
7206
9557
4447
4543
3600
4636
1086
3058
7266
4567
7208
4327
4068
8073
1249
6495
4145
0989
6631
4723
1890
7539
5040
1319
3300
2876
4624
8559
6624
9702
4368
8857
2013
6693
4914
1250
5439
9900
3422
5914
1259
9962
6354
1637
9239
2852
3943
0858
8827
7760
2560
1283
9129
4388
0828
2162
9136
5535
4653
0370
8530
5376
7173
5116
4210
0034
6782
5027
1925
6448
2170
6772
7975
4384
8275
6351
6532
0029
8887
9523
2458
2103
6659
2772
1474
7461
7320
9284
0011
3524
8590
9796
2180
1928
1883
5999
6075
1158
8273
2694
3669
0439
3761
1990
2462
2733
2336
1530
5979
7512
6410
5118
5847
9484
5590
0539
3955
1714
9032
4698
4601
2971
3197
7846
5110
4278
3665
0117
5503
7986
2143
6900
0767
8150
7817
7659
4592
2913
8845
9340
2788
1772
3219
5572
8554
2640
0184
6037
8354
7454
1836
5867
9020
2061
3493
6937
9330
3442
3638
6262
2190
5797
3210
3151
1376
9099
6212
2603
2394
7032
6164
1073
4326
6415
0930
1321
1785
1002
2349
3053
1049
3439
9452
1489
1545
1432
8900
4694
0283
2869
5886
7774
3237
5781
1102
0410
4505
7914
5730
3462
4742
9977
9011
5568
4825
7221
2817
1505
9868
8738
1312
5198
7790
8126
1619
3729
2902
2571
5346
9841
9534
2610
4940
9098
5523
6055
6294
2691
0694
9274
9104
6991
2409
5238
5828
3040
6029
2951
0079
0148
7025
5298
8589
2114
8837
0140
7628
6591
8200
6332
4628
0909
8102
2540
0702
0732
3086
9343
7619
8834
2519
0103
0749
1676
1600
1272
1868
5445
2037
8544
9571
5563
3303
4552
6830
6192
4970
9468
5453
7728
3346
2723
9102
7306
4998
7693
7835
6292
8700
4451
1535
6695
3512
3046
7819
8985
6866
9676
3532
3421
2133
2323
1291
7698
9292
4149
2782
0590
4655
7559
8926
0721
0329
0976
3241
5821
7444
0666
7934
3027
6674
9951
6151
9207
1252
1352
0015
0709
6563
3129
9230
4162
1209
1042
4523
2137
9193
2135
9976
0800
2826
1281
1599
2195
2928
9651
8234
4174
3037
5279
9685
9157
3143
3483
6972
6555
2079
2749
1690
2693
0852
5390
4950
6050
2265
7050
8153
5998
5599
3828
1431
1410
8575
1460
5580
6560
5682
3755
7695
5455
8104
4875
8152
1911
9769
5303
9567
8991
1986
9622
7943
1471
4642
9471
9935
6141
6424
1697
8805
4682
8097
8707
4242
6436
3885
4584
4041
9560
8048
9539
3999
6688
6365
5356
8443
3314
1087
0474
3360
4170
3895
7924
6458
5870
3683
1816
4222
6344
3242
9549
3857
8340
1949
2770
0213
9491
2657
3434
9752
9860
5020
1307
0518
4376
4324
9674
6996
0611
1739
4754
4434
2436
1273
2866
9981
5080
4797
2551
3252
5884
8024
3808
4622
7333
8800
0623
7666
2176
8230
7721
9972
7536
4213
1631
1991
7116
7459
5158
0494
8755
2555
2452
3196
9125
1920
5452
5800
3132
3718
4187
7501
7275
8017
8711
8096
0614
7976
7383
1885
0295
8846
1689
9575
0151
7690
8067
6305
5144
0183
3232
8488
2930
8489
2253
3342
4191
2277
0040
2082
4865
4938
4483
9365
0971
0170
4822
8937
8788
7049
7022
2011
5377
9548
2901
9331
8199
2714
6814
4502
8115
8404
7257
4515
1783
7017
6393
9688
6935
2326
6327
7260
0362
3225
5310
6929
7280
2416
2853
0065
8009
6498
7416
5283
8159
2702
2746
7711
4899
5749
6653
2673
5805
1612
2541
7538
0371
8072
5836
1196
6293
0027
2367
4282
9939
7862
9475
0296
9572
9552
2506
4193
4397
2900
0998
8502
6897
8593
5723
3688
8989
8833
2136
5249
2285
5440
8005
9899
9418
4161
6988
5409
3240
5337
8417
2533
2699
8634
4604
5010
3799
8137
6852
0482
6636
0452
6379
2387
7605
3720
6199
6341
9497
6941
7891
2502
6474
7884
7651
2795
8422
0392
8621
2919
7181
2058
8062
8379
6878
5499
4826
5269
4218
6481
8195
5259
6584
4035
0638
5126
3984
7724
0648
2343
4866
2457
2208
4961
2875
8549
4066
6385
2863
7771
0552
1654
0232
2000
7783
9212
3847
6251
7359
5928
8898
8794
5077
0756
3094
6609
3881
8616
7481
2408
5642
6026
5104
7395
5617
6949
8840
5686
2293
1451
3682
6615
6168
7108
1271
3296
7792
3534
3068
2921
7340
9909
6672
2125
5846
1381
9423
1241
2674
9488
8145
5287
0963
0300
5024
3599
1615
8681
4958
8701
0734
3874
1461
9618
1030
5811
1735
5718
6992
0445
8262
3496
1939
9223
5007
0572
6658
7004
8164
3259
4566
1041
8759
2192
3949
6266
6232
7972
3004
9003
7236
3284
3700
5013
8461
3861
0281
7488
0191
7883
5526
8969
2622
5663
8215
0343
6864
5492
6807
4672
1864
2915
4089
2018
8804
6706
4220
0535
9410
7948
1869
9636
5832
1081
0718
0850
3763
3773
1004
0650
2779
1927
5624
0229
0077
3651
7132
9934
2198
5731
6974
5520
8101
5291
7187
0444
7598
8533
6058
9668
6110
9138
8613
1954
4953
5059
9803
7741
4937
2384
3544
6809
7597
7076
1384
5221
5992
0434
7875
2120
3312
1348
3154
0109
4018
5359
4057
0199
8192
4157
6053
0128
8665
9247
9665
2048
2428
7547
9151
3095
9723
8525
6696
3812
4898
0516
4195
6156
1450
9269
8114
7697
9416
0774
8080
2027
9307
1228
8790
1626
6889
0202
1344
1827
6605
5877
3581
8124
1897
1239
1781
7096
8739
1129
4629
1169
8656
5822
8435
2651
6033
5066
3267
6517
4063
7232
9146
2483
9279
7583
5996
3256
8741
4541
9071
0171
0044
3867
9692
5022
1057
2946
9754
8940
0408
8514
3480
8868
2488
1395
2742
4735
7150
6496
5924
6313
7679
0941
3263
1673
8669
2424
1553
3420
7442
0126
8307
6625
3188
1231
3495
0904
0707
4813
7278
8366
9785
1128
0584
2793
3598
4328
3620
4557
9310
6065
7303
1245
4311
6027
8566
6556
8441
7794
3875
3823
5293
4258
9492
8031
6820
9947
4524
2616
7394
0792
0699
9118
3063
0896
5278
2288
9009
0678
3250
4120
1139
9896
9320
6858
5219
9342
9294
1593
9386
4053
4613
0961
7010
2385
2656
4357
3800
5908
6240
7348
2546
9952
5054
9589
0664
1874
2837
1962
4273
5849
3807
9815
1795
8280
1487
7544
7503
1234
1561
7072
8109
2931
8251
6429
5050
6084
1153
5360
2579
8198
9093
4794
7183
2035
7664
0467
0339
0164
7997
3315
3950
9047
9664
2964
9124
9060
7831
4610
3508
9634
4211
7656
9181
3673
3752
0670
3113
8237
2482
0485
8260
8624
9188
7658
1113
3254
3655
1629
9530
9776
1710
3513
5119
0285
8876
2205
9747
7122
6383
4942
9338
4661
6233
6986
3566
8780
9553
7276
6989
5589
5728
9650
3199
8581
5564
7599
9439
6201
7184
6030
6868
8856
3539
8818
6163
0305
7212
8301
9196
0487
9695
6308
9328
7903
4977
2149
8363
5929
7601
3101
2046
7323
7928
7665
8967
8550
5773
4269
3447
9473
7376
6967
0720
7171
2601
0965
0501
6167
7522
1275
3070
9901
8431
0412
9849
3339
0426
8895
5199
2115
2536
5306
4618
5578
1361
6174
4117
3332
9993
4338
4847
5270
6690
7111
1125
9864
3181
1024
6604
3049
3766
6005
0815
7921
0844
8904
3034
5150
5872
5860
7993
3223
3191
9953
2351
3523
1386
9179
4050
9809
3510
7042
7092
2845
0604
2854
6510
2508
6895
0215
0653
8931
6907
9781
6583
7109
4283
1416
3504
3436
4105
5165
5521
1945
8143
0509
4603
2505
1136
1998
1359
0100
8663
3180
5703
5374
4571
3765
2356
8160
7191
1214
4769
9840
1969
5352
1078
7844
8110
8892
4107
0562
4199
8308
5097
5362
0750
0455
9637
2783
3644
6933
3098
2132
1500
4073
6977
0784
5227
6902
2468
3183
9968
4686
1892
7694
5640
2225
6372
9038
4550
6711
7125
0715
6412
8353
8448
4331
7749
4874
9975
9826
6431
0575
4992
2874
2315
1091
4946
3380
1217
8458
3298
0134
4859
6281
8679
3964
9314
8044
9653
1632
8603
5681
4038
6730
2500
2324
4732
9271
0872
8965
7744
8371
5806
3206
7621
9761
1833
5497
0641
2773
4596
3953
5662
1206
8228
2990
2521
9166
8561
7662
2243
0588
9504
2839
7840
3071
4393
5726
4533
6310
6906
3836
7919
9077
2300
2618
5734
2104
3994
0251
4006
5502
9592
3698
2590
8548
3275
1304
5598
1308
9277
5113
2420
3272
4325
4214
7285
9760
9617
3305
0812
2246
0644
3274
3472
0546
3536
4008
8626
7880
2175
8776
2716
5317
2371
4155
8745
3277
4957
9583
2074
8330
9666
4820
0834
6827
9389
5865
1738
0821
7733
1624
9877
2094
4223
3604
8364
0920
1119
7848
2152
6648
7857
6437
3381
1156
1039
7061
0364
6228
4401
0825
8782
9081
7069
6588
2095
1716
5987
7255
4975
1715
9205
2453
1143
4599
7239
8447
4574
5257
7821
4712
7422
7980
1148
3126
3340
6601
8864
3710
5632
2332
2686
2977
2991
2261
2302
1875
4246
6810
8357
6982
8089
1782
4334
5835
1878
0713
6776
9956
0393
0160
8570
8454
2760
3395
2654
7238
1801
1958
0996
2813
6087
3124
3738
9402
5244
1074
4836
1145
2259
0054